Juan
2
2
2016
11
13
1
Leche
63.2
63.2
63.2
Juan
2
2
2016
11
13
1
Maizena
28
28
28
Juan
2
2
2016
11
13
1
Cafe
20.8
20.8
20.8
Juan
2
2
2016
11
13
3
Huevos
22
66
66
Juan
2
5
2016
11
13
2
Leche
63.2
126.4
126.4
Juan
2
5
2016
11
13
2
Azucar
9.98
19.96
19.96
Juan
2
7
2016
11
13
1
Leche
63.2
63.2
63.2
Juan
2
7
2016
11
13
3
Azucar
9.98
29.94
29.94
Juan
2
9
2016
11
13
2
Leche
63.2
126.4
126.4
Juan
2
9
2016
11
13
2
Azucar
9.98
19.96
19.96
Juan
2
9
2016
11
13
4
Huevos
22
88
88
Juan
2
12
2016
11
13
1
Leche
63.2
63.2
63.2
Juan
2
12
2016
11
13
2
Azucar
9.98
19.96
19.96
Juan
2
12
2016
11
13
4
Harina
24.6
98.4
98.4
Jose
3
15
2016
11
13
1
Leche
63.2
63.2
63.2
Jose
3
15
2016
11
13
1
Azucar
9.98
9.98
9.98
Jose
3
17
2016
11
13
2
Leche
63.2
126.4
126.4
Jose
3
17
2016
11
13
4
Harina
24.6
98.4
98.4
Juan
3
19
2016
11
13
3
Leche
63.2
189.6
189.6
Juan
3
19
2016
11
13
3
Azucar
9.98
29.94
29.94
Juan
3
21
2016
11
13
3
Leche
63.2
189.6
189.6
Juan
3
21
2016
11
13
2
Azucar
9.98
19.96
19.96
Juan
4
23
2016
11
13
2
Leche
63.2
126.4
126.4
Juan
4
23
2016
11
13
2
Azucar
9.98
19.96
19.96
Juan
4
25
2016
11
13
1
Leche
63.2
63.2
63.2
Juan
4
25
2016
11
13
1
Azucar
9.98
9.98
9.98
Juan
5
27
2016
11
13
1
Leche
63.2
63.2
63.2
Juan
5
27
2016
11
13
1
Huevos
22.4
22.4
22.4
Juan
5
28
2016
11
13
1
Leche
63.2
63.2
63.2
Juan
5
28
2016
11
13
1
Azucar
9.98
9.98
9.98
Juan
5
30
2016
11
13
1
Leche
63.2
63.2
63.2
Juan
5
31
2016
11
13
1
Azucar
9.98
9.98
9.98
Juan
5
31
2016
11
13
1
Leche
63.2
63.2
63.2
Juan
5
33
2016
11
13
1
Leche
63.2
63.2
63.2
Juan
5
33
2016
11
13
1
Azucar
9.98
9.98
9.98
Juan
5
33
2016
11
13
2
Huevos
22.4
44.8
44.8
Juan
5
36
2016
11
13
1
Leche
63.2
63.2
63.2
Juan
5
36
2016
11
13
1
Azucar
9.98
9.98
9.98
Juan
5
38
2016
11
14
1
Leche
63.2
63.2
63.2
Juan
5
38
2016
11
14
1
Azucar
9.98
9.98
9.98
Juan
5
40
2016
11
14
1
Leche
63.2
63.2
63.2
Juan
5
40
2016
11
14
1
Leche
63.2
63.2
63.2
Juan
6
41
2016
11
14
1
Leche
63.2
63.2
63.2
Juan
6
41
2016
11
14
1
Azucar
9.98
9.98
9.98
Juan
6
42
2016
11
14
1
Leche
63.2
63.2
63.2
Juan
6
42
2016
11
14
1
Azucar
9.98
9.98
9.98
Juan
7
43
2016
11
14
1
Leche
63.2
63.2
63.2
Juan
7
43
2016
11
14
1
Azucar
9.98
9.98
9.98
Jose
8
44
2016
11
14
1
Leche
63.2
63.2
63.2
Jose
8
44
2016
11
14
1
Azucar
9.98
9.98
9.98
Juan
9
45
2016
11
14
1
Leche
63.2
63.2
63.2
Juan
9
45
2016
11
14
1
Azucar
9.98
9.98
9.98
Jose
10
46
2016
11
14
1
Leche
63.2
63.2
63.2
Jose
10
46
2016
11
14
1
Azucar
9.98
9.98
9.98
Juan
11
47
2016
11
14
1
Leche
63.2
63.2
63.2
Juan
11
47
2016
11
14
1
Azucar
9.98
9.98
9.98
Jose
12
48
2016
11
14
1
Leche
63.2
63.2
63.2
Jose
12
48
2016
11
14
1
Azucar
9.98
9.98
9.98
Juan
13
49
2016
11
14
1
Leche
63.2
63.2
63.2
Juan
13
49
2016
11
14
1
Azucar
9.98
9.98
9.98
Juan
14
50
2016
11
14
1
Leche
63.2
63.2
63.2
Juan
14
50
2016
11
14
1
Azucar
9.98
9.98
9.98